271.994  -57.928
277.074  -57.928
30.44  -36.084
40.6  -36.084
44.918  -36.084
55.078  -36.084
60.158  -45.99
60.158  -48.53
60.158  -51.07
60.158  -53.61
60.158  -56.15
60.158  -58.69
60.158  -61.23
60.158  -63.77
60.158  -66.31
60.158  -68.85
60.158  -71.39
60.158  -73.93
60.158  -76.47
60.158  -79.01
60.158  -81.55
75.398  -45.99
75.398  -48.53
75.398  -51.07
75.398  -53.61
75.398  -56.15
75.398  -58.69
75.398  -61.23
75.398  -63.77
75.398  -66.31
75.398  -68.85
75.398  -71.39
75.398  -73.93
75.398  -76.47
75.398  -79.01
75.398  -81.55
78.446  -84.09
88.606  -84.09
124.674  -19.574
124.674  -29.574
129.754  -61.484
129.754  -71.484
134.834  -19.574
134.834  -29.574
139.914  -61.484
139.914  -71.484
144.994  -19.574
144.994  -29.574
150.074  -61.484
150.074  -71.484